0 0.102500 0.150833 0.115000 0.168333
0 0.196667 0.139167 0.130000 0.208333
0 0.165833 0.327500 0.161667 0.221667
0 0.582500 0.508333 0.141667 0.253333
0 0.503333 0.635000 0.160000 0.236667
0 0.486667 0.869167 0.140000 0.261667
0 0.600000 0.907500 0.093333 0.185000
0 0.967500 0.600000 0.065000 0.240000
0 0.295833 0.914167 0.241667 0.171667
0 0.400833 0.751667 0.135000 0.326667
0 0.275833 0.690000 0.161667 0.320000
0 0.238333 0.520000 0.190000 0.263333
0 0.331667 0.482500 0.130000 0.281667
0 0.346667 0.116667 0.170000 0.233333
0 0.444167 0.423333 0.158333 0.356667
0 0.275000 0.293333 0.100000 0.170000
0 0.044167 0.342500 0.088333 0.188333
