0 0.146667 0.886667 0.163333 0.113333
0 0.135000 0.793333 0.203333 0.126667
0 0.320000 0.824167 0.216667 0.158333
0 0.497500 0.415833 0.248333 0.138333
0 0.621667 0.493333 0.230000 0.156667
0 0.853333 0.510000 0.260000 0.136667
0 0.899167 0.398333 0.201667 0.090000
0 0.582500 0.035000 0.245000 0.070000
0 0.905000 0.696667 0.190000 0.236667
0 0.735833 0.593333 0.318333 0.130000
0 0.675833 0.717500 0.315000 0.158333
0 0.509167 0.753333 0.258333 0.186667
0 0.473333 0.660833 0.276667 0.128333
0 0.114167 0.646667 0.228333 0.166667
0 0.414167 0.550833 0.351667 0.155000
0 0.286667 0.715833 0.166667 0.098333
0 0.335000 0.950000 0.186667 0.100000
