0 0.876667 0.154167 0.120000 0.175000
0 0.776667 0.141667 0.136667 0.216667
0 0.809167 0.339167 0.168333 0.231667
0 0.373333 0.528333 0.146667 0.263333
0 0.456667 0.660000 0.166667 0.246667
0 0.474167 0.884167 0.145000 0.231667
0 0.355833 0.925000 0.095000 0.150000
0 0.676667 0.930833 0.246667 0.138333
0 0.563333 0.781667 0.140000 0.340000
0 0.695000 0.717500 0.170000 0.335000
0 0.734167 0.539167 0.198333 0.275000
0 0.635000 0.500833 0.136667 0.295000
0 0.620000 0.120000 0.176667 0.240000
0 0.518333 0.439167 0.166667 0.375000
0 0.694167 0.302500 0.105000 0.178333
0 0.945000 0.354167 0.110000 0.198333
