0 0.786667 0.330833 0.170000 0.355000
0 0.696667 0.808333 0.253333 0.190000
0 0.732500 0.659167 0.231667 0.208333
0 0.636667 0.365833 0.203333 0.215000
0 0.435000 0.308333 0.163333 0.236667
0 0.610833 0.239167 0.188333 0.165000
0 0.475000 0.858333 0.196667 0.190000
0 0.484167 0.668333 0.241667 0.196667
0 0.510833 0.470000 0.148333 0.230000
0 0.688333 0.500833 0.190000 0.148333
0 0.567500 0.652500 0.135000 0.288333
0 0.296667 0.288333 0.136667 0.220000
0 0.227500 0.224167 0.205000 0.138333
0 0.124167 0.705833 0.141667 0.211667
0 0.227500 0.576667 0.145000 0.180000
0 0.365000 0.543333 0.150000 0.146667
0 0.280000 0.735833 0.183333 0.251667
0 0.308333 0.853333 0.186667 0.200000
0 0.172500 0.392500 0.138333 0.165000
0 0.078333 0.572500 0.136667 0.191667
0 0.070833 0.259167 0.118333 0.201667
0 0.116667 0.354167 0.213333 0.215000
0 0.170833 0.853333 0.095000 0.110000
0 0.345833 0.441667 0.205000 0.146667
