0 0.142500 0.555000 0.201667 0.260000
0 0.327500 0.718333 0.261667 0.220000
0 0.455833 0.648333 0.225000 0.150000
0 0.374167 0.512500 0.265000 0.231667
0 0.188333 0.357500 0.226667 0.268333
0 0.359167 0.162500 0.225000 0.188333
0 0.598333 0.125833 0.193333 0.175000
0 0.733333 0.155833 0.183333 0.168333
0 0.782500 0.341667 0.161667 0.123333
0 0.655000 0.342500 0.176667 0.148333
0 0.692500 0.245833 0.138333 0.095000
0 0.497500 0.262500 0.258333 0.138333
0 0.572500 0.402500 0.171667 0.141667
0 0.380833 0.354167 0.268333 0.211667
0 0.592500 0.506667 0.181667 0.096667
0 0.517500 0.840000 0.225000 0.126667
0 0.624167 0.702500 0.175000 0.128333
0 0.763333 0.563333 0.166667 0.153333
0 0.730000 0.456667 0.163333 0.123333
0 0.831667 0.757500 0.136667 0.175000
0 0.800833 0.645000 0.075000 0.050000
0 0.716667 0.786667 0.203333 0.140000
0 0.737500 0.674167 0.181667 0.101667
0 0.490833 0.136667 0.131667 0.150000
