0 0.360833 0.127500 0.248333 0.178333
0 0.315000 0.417500 0.156667 0.355000
0 0.258333 0.729167 0.136667 0.225000
0 0.325833 0.585000 0.155000 0.226667
0 0.440000 0.729167 0.156667 0.165000
0 0.467500 0.268333 0.148333 0.136667
0 0.520833 0.402500 0.205000 0.221667
0 0.468333 0.467500 0.146667 0.161667
0 0.488333 0.582500 0.196667 0.175000
0 0.546667 0.155833 0.200000 0.175000
0 0.636667 0.360000 0.180000 0.283333
0 0.753333 0.220833 0.166667 0.251667
0 0.863333 0.198333 0.113333 0.120000
0 0.655833 0.700833 0.171667 0.118333
0 0.607500 0.558333 0.148333 0.236667
0 0.770833 0.510000 0.118333 0.176667
0 0.879167 0.440833 0.148333 0.211667
0 0.843333 0.339167 0.186667 0.188333
0 0.878333 0.645000 0.096667 0.250000
0 0.729167 0.701667 0.251667 0.236667
0 0.700000 0.594167 0.100000 0.131667
