0 0.802500 0.850833 0.175000 0.271667
0 0.761667 0.567500 0.253333 0.345000
0 0.790000 0.299167 0.193333 0.311667
0 0.670833 0.080000 0.228333 0.160000
0 0.624167 0.233333 0.195000 0.293333
0 0.479167 0.896667 0.258333 0.193333
0 0.655833 0.802500 0.131667 0.258333
0 0.539167 0.710833 0.231667 0.198333
0 0.331667 0.117500 0.223333 0.235000
0 0.168333 0.212500 0.136667 0.321667
0 0.278333 0.225000 0.113333 0.163333
0 0.175833 0.872500 0.138333 0.188333
0 0.174167 0.672500 0.158333 0.235000
0 0.400833 0.630833 0.261667 0.295000
0 0.285000 0.423333 0.136667 0.380000
0 0.375833 0.577500 0.135000 0.148333
0 0.277500 0.839167 0.118333 0.238333
0 0.394167 0.443333 0.141667 0.200000
0 0.489167 0.256667 0.121667 0.410000
0 0.169167 0.515833 0.075000 0.235000
