0 0.877500 0.365000 0.185000 0.260000
0 0.574167 0.317500 0.371667 0.165000
0 0.247500 0.259167 0.235000 0.145000
0 0.398333 0.329167 0.236667 0.161667
0 0.248333 0.449167 0.173333 0.165000
0 0.730000 0.477500 0.143333 0.155000
0 0.590833 0.532500 0.231667 0.215000
0 0.521667 0.478333 0.170000 0.153333
0 0.400000 0.500000 0.183333 0.206667
0 0.847500 0.560833 0.181667 0.208333
0 0.633333 0.654167 0.296667 0.188333
0 0.780000 0.776667 0.263333 0.173333
0 0.803333 0.891667 0.126667 0.120000
0 0.277500 0.675000 0.121667 0.180000
0 0.427500 0.624167 0.248333 0.155000
0 0.476667 0.795000 0.183333 0.123333
0 0.549167 0.908333 0.221667 0.156667
0 0.656667 0.870833 0.196667 0.195000
0 0.335833 0.907500 0.261667 0.101667
0 0.277500 0.751667 0.248333 0.263333
0 0.389167 0.720833 0.138333 0.105000
