0 0.845000 0.460833 0.216667 0.278333
0 0.646667 0.285833 0.280000 0.235000
0 0.509167 0.360000 0.241667 0.160000
0 0.596667 0.505833 0.283333 0.248333
0 0.795000 0.671667 0.243333 0.286667
0 0.611667 0.880833 0.240000 0.201667
0 0.356667 0.913333 0.206667 0.173333
0 0.212500 0.886667 0.195000 0.180000
0 0.158333 0.689167 0.173333 0.131667
0 0.296667 0.687500 0.190000 0.158333
0 0.256667 0.790833 0.146667 0.101667
0 0.463333 0.773333 0.276667 0.146667
0 0.384167 0.623333 0.185000 0.150000
0 0.590000 0.675833 0.286667 0.225000
0 0.363333 0.511667 0.196667 0.103333
0 0.443333 0.155000 0.240000 0.136667
0 0.329167 0.302500 0.188333 0.138333
0 0.180000 0.451667 0.180000 0.163333
0 0.216667 0.565000 0.173333 0.133333
0 0.106667 0.243333 0.146667 0.186667
0 0.140000 0.363333 0.080000 0.053333
0 0.230000 0.212500 0.216667 0.151667
0 0.207500 0.333333 0.195000 0.110000
0 0.471667 0.908333 0.140000 0.160000
