0 0.187500 0.192500 0.298333 0.145000
0 0.758333 0.250833 0.370000 0.178333
0 0.482500 0.265833 0.261667 0.175000
0 0.771667 0.420000 0.266667 0.160000
0 0.938333 0.335000 0.123333 0.213333
0 0.290000 0.457500 0.240000 0.175000
0 0.274167 0.316667 0.185000 0.106667
0 0.162500 0.415833 0.101667 0.081667
0 0.380000 0.420000 0.206667 0.123333
0 0.775000 0.525000 0.410000 0.130000
0 0.920833 0.670000 0.158333 0.200000
0 0.824167 0.840000 0.295000 0.133333
0 0.118333 0.845000 0.186667 0.120000
0 0.176667 0.586667 0.226667 0.160000
0 0.410833 0.625000 0.348333 0.290000
0 0.590000 0.625833 0.210000 0.125000
0 0.496667 0.672500 0.193333 0.091667
0 0.663333 0.704167 0.400000 0.198333
0 0.540000 0.839167 0.266667 0.085000
0 0.344167 0.824167 0.281667 0.175000
0 0.155000 0.726667 0.223333 0.146667
