0 0.804167 0.135000 0.188333 0.270000
0 0.760000 0.429167 0.273333 0.371667
0 0.790000 0.718333 0.206667 0.336667
0 0.662500 0.934167 0.248333 0.131667
0 0.612500 0.789167 0.208333 0.315000
0 0.457500 0.089167 0.278333 0.178333
0 0.645833 0.175833 0.141667 0.278333
0 0.520833 0.275000 0.248333 0.213333
0 0.296667 0.893333 0.240000 0.213333
0 0.122500 0.811667 0.148333 0.346667
0 0.240000 0.799167 0.120000 0.175000
0 0.130000 0.101667 0.150000 0.203333
0 0.128333 0.316667 0.170000 0.253333
0 0.371667 0.360833 0.280000 0.318333
0 0.246667 0.584167 0.146667 0.408333
0 0.345833 0.418333 0.145000 0.160000
0 0.239167 0.135833 0.128333 0.258333
0 0.365000 0.562500 0.150000 0.215000
0 0.466667 0.764167 0.130000 0.441667
0 0.121667 0.485000 0.080000 0.253333
