0 0.860000 0.360833 0.173333 0.241667
0 0.576667 0.315833 0.346667 0.151667
0 0.274167 0.261667 0.218333 0.133333
0 0.413333 0.326667 0.220000 0.150000
0 0.274167 0.438333 0.161667 0.153333
0 0.722500 0.465000 0.131667 0.143333
0 0.592500 0.516667 0.215000 0.200000
0 0.529167 0.465833 0.158333 0.141667
0 0.415833 0.485833 0.171667 0.191667
0 0.831667 0.542500 0.170000 0.195000
0 0.633333 0.629167 0.276667 0.175000
0 0.769167 0.742500 0.245000 0.161667
0 0.790833 0.850000 0.118333 0.110000
0 0.300833 0.648333 0.115000 0.166667
0 0.440000 0.600833 0.230000 0.145000
0 0.487500 0.760000 0.171667 0.116667
0 0.554167 0.865833 0.205000 0.145000
0 0.653333 0.830833 0.183333 0.181667
0 0.355000 0.865000 0.243333 0.093333
0 0.301667 0.720000 0.230000 0.246667
0 0.405000 0.690833 0.126667 0.098333
