0 0.694167 0.877500 0.205000 0.231667
0 0.570833 0.837500 0.191667 0.248333
0 0.875833 0.606667 0.135000 0.216667
0 0.788333 0.505000 0.133333 0.203333
0 0.790833 0.097500 0.228333 0.195000
0 0.798333 0.199167 0.120000 0.178333
0 0.836667 0.380833 0.170000 0.215000
0 0.649167 0.528333 0.228333 0.343333
0 0.675833 0.247500 0.191667 0.321667
0 0.610833 0.201667 0.165000 0.243333
0 0.562500 0.127500 0.118333 0.205000
0 0.323333 0.117500 0.150000 0.221667
0 0.216667 0.110833 0.173333 0.201667
0 0.128333 0.276667 0.116667 0.220000
0 0.265000 0.309167 0.153333 0.251667
0 0.450000 0.134167 0.160000 0.221667
0 0.245833 0.466667 0.161667 0.213333
0 0.214167 0.629167 0.201667 0.211667
0 0.200833 0.762500 0.151667 0.208333
0 0.388333 0.325000 0.170000 0.300000
0 0.389167 0.536667 0.145000 0.336667
0 0.520000 0.346667 0.146667 0.196667
0 0.499167 0.529167 0.101667 0.191667
0 0.441667 0.680833 0.223333 0.251667
0 0.152500 0.461667 0.085000 0.156667
