0 0.805833 0.617500 0.168333 0.408333
0 0.705833 0.180833 0.255000 0.191667
0 0.745833 0.326667 0.238333 0.213333
0 0.640000 0.617500 0.206667 0.211667
0 0.616667 0.755833 0.183333 0.175000
0 0.446667 0.690833 0.163333 0.241667
0 0.306667 0.710000 0.130000 0.220000
0 0.225833 0.769167 0.178333 0.141667
0 0.492500 0.322500 0.238333 0.181667
0 0.481667 0.134167 0.183333 0.191667
0 0.321667 0.140000 0.183333 0.210000
0 0.139167 0.294167 0.178333 0.215000
0 0.235833 0.420833 0.141667 0.175000
0 0.290833 0.259167 0.181667 0.251667
0 0.375000 0.451667 0.153333 0.143333
0 0.357500 0.559167 0.218333 0.158333
0 0.522500 0.524167 0.145000 0.228333
0 0.697500 0.491667 0.165000 0.150000
0 0.579167 0.345833 0.138333 0.285000
0 0.185000 0.602500 0.146667 0.165000
0 0.077500 0.735833 0.125000 0.201667
0 0.089167 0.430833 0.155000 0.201667
0 0.090833 0.594167 0.141667 0.158333
0 0.185833 0.138333 0.101667 0.100000
