0 0.833333 0.218333 0.136667 0.250000
0 0.824167 0.510000 0.121667 0.320000
0 0.781667 0.700000 0.163333 0.320000
0 0.559167 0.799167 0.128333 0.251667
0 0.627500 0.175833 0.188333 0.221667
0 0.734167 0.457500 0.155000 0.275000
0 0.580833 0.518333 0.128333 0.196667
0 0.650833 0.671667 0.145000 0.216667
0 0.652500 0.885000 0.155000 0.230000
0 0.451667 0.922500 0.133333 0.155000
0 0.478333 0.595000 0.126667 0.223333
0 0.379167 0.648333 0.121667 0.210000
0 0.238333 0.695000 0.250000 0.293333
0 0.176667 0.793333 0.210000 0.296667
0 0.384167 0.837500 0.231667 0.278333
0 0.545000 0.373333 0.183333 0.173333
0 0.454167 0.180833 0.168333 0.235000
0 0.369167 0.335833 0.145000 0.275000
0 0.281667 0.395000 0.123333 0.260000
0 0.152500 0.105000 0.135000 0.210000
0 0.295000 0.120000 0.146667 0.190000
0 0.122500 0.285833 0.128333 0.461667
0 0.168333 0.545833 0.196667 0.201667
0 0.189167 0.291667 0.115000 0.336667
0 0.738333 0.230833 0.120000 0.198333
