0 0.861667 0.735833 0.223333 0.331667
0 0.846667 0.645000 0.116667 0.216667
0 0.835000 0.321667 0.170000 0.253333
0 0.770000 0.516667 0.163333 0.310000
0 0.738333 0.033333 0.146667 0.066667
0 0.730000 0.193333 0.166667 0.286667
0 0.638333 0.120833 0.160000 0.241667
0 0.650833 0.407500 0.205000 0.188333
0 0.573333 0.499167 0.186667 0.261667
0 0.649167 0.659167 0.105000 0.268333
0 0.677500 0.790000 0.131667 0.253333
0 0.547500 0.752500 0.128333 0.251667
0 0.430833 0.724167 0.118333 0.275000
0 0.496667 0.370833 0.110000 0.215000
0 0.406667 0.517500 0.166667 0.241667
0 0.317500 0.756667 0.125000 0.260000
0 0.190000 0.745833 0.150000 0.298333
0 0.134167 0.651667 0.111667 0.363333
0 0.143333 0.349167 0.110000 0.261667
0 0.236667 0.536667 0.160000 0.250000
0 0.240833 0.160833 0.118333 0.221667
0 0.447500 0.150833 0.115000 0.301667
0 0.490833 0.055833 0.088333 0.111667
0 0.352500 0.053333 0.115000 0.106667
0 0.370000 0.275833 0.140000 0.371667
0 0.255833 0.386667 0.161667 0.183333
