0 0.246667 0.220000 0.253333 0.150000
0 0.763333 0.389167 0.126667 0.231667
0 0.647500 0.260000 0.231667 0.150000
0 0.426667 0.270833 0.203333 0.201667
0 0.327500 0.351667 0.205000 0.223333
0 0.194167 0.611667 0.141667 0.223333
0 0.625000 0.687500 0.206667 0.138333
0 0.527500 0.580833 0.131667 0.151667
0 0.525000 0.452500 0.153333 0.158333
0 0.693333 0.349167 0.130000 0.101667
0 0.689167 0.488333 0.191667 0.183333
0 0.725000 0.645833 0.160000 0.145000
0 0.374167 0.500000 0.195000 0.123333
0 0.669167 0.771667 0.201667 0.116667
0 0.295833 0.776667 0.261667 0.100000
0 0.522500 0.792500 0.141667 0.085000
0 0.227500 0.683333 0.108333 0.103333
0 0.422500 0.609167 0.141667 0.101667
0 0.400833 0.717500 0.258333 0.151667
0 0.508333 0.343333 0.166667 0.220000
