0 0.206667 0.918333 0.413333 0.163333
0 0.653333 0.735833 0.260000 0.211667
0 0.833333 0.903333 0.333333 0.140000
0 0.275833 0.671667 0.281667 0.213333
0 0.068333 0.606667 0.136667 0.220000
0 0.085000 0.315000 0.170000 0.133333
0 0.076667 0.453333 0.153333 0.106667
0 0.226667 0.402500 0.243333 0.138333
0 0.223333 0.540833 0.210000 0.105000
0 0.645000 0.531667 0.246667 0.126667
0 0.406667 0.484167 0.303333 0.121667
0 0.905000 0.192500 0.190000 0.145000
0 0.544167 0.240833 0.191667 0.138333
0 0.158333 0.178333 0.273333 0.053333
0 0.268333 0.280000 0.156667 0.106667
0 0.399167 0.220000 0.188333 0.160000
0 0.418333 0.361667 0.170000 0.100000
0 0.664167 0.393333 0.211667 0.113333
0 0.817500 0.513333 0.298333 0.186667
0 0.925000 0.786667 0.150000 0.110000
0 0.864167 0.664167 0.271667 0.125000
0 0.785000 0.264167 0.216667 0.208333
0 0.681667 0.313333 0.230000 0.096667
0 0.520000 0.620833 0.276667 0.128333
0 0.603333 0.216667 0.163333 0.126667
