0 0.250000 0.222500 0.176667 0.171667
0 0.542500 0.800833 0.205000 0.185000
0 0.225833 0.740833 0.168333 0.308333
0 0.300833 0.529167 0.151667 0.285000
0 0.353333 0.334167 0.150000 0.225000
0 0.457500 0.498333 0.161667 0.200000
0 0.515833 0.670000 0.145000 0.180000
0 0.391667 0.697500 0.213333 0.288333
0 0.626667 0.642500 0.213333 0.215000
0 0.867500 0.165000 0.151667 0.180000
0 0.728333 0.151667 0.146667 0.193333
0 0.624167 0.293333 0.211667 0.120000
0 0.578333 0.180833 0.203333 0.165000
0 0.412500 0.185833 0.138333 0.131667
0 0.484167 0.246667 0.105000 0.210000
0 0.887500 0.451667 0.158333 0.226667
0 0.891667 0.706667 0.176667 0.296667
0 0.781667 0.665000 0.130000 0.166667
0 0.780833 0.544167 0.148333 0.115000
0 0.803333 0.377500 0.240000 0.278333
0 0.203333 0.460833 0.163333 0.335000
0 0.572500 0.431667 0.225000 0.203333
