0 0.775833 0.740833 0.151667 0.255000
0 0.605000 0.219167 0.233333 0.128333
0 0.735833 0.335000 0.151667 0.233333
0 0.725000 0.559167 0.203333 0.205000
0 0.642500 0.658333 0.228333 0.206667
0 0.380000 0.793333 0.226667 0.143333
0 0.303333 0.358333 0.140000 0.210000
0 0.410833 0.455833 0.151667 0.131667
0 0.541667 0.459167 0.160000 0.155000
0 0.645833 0.289167 0.101667 0.131667
0 0.505000 0.292500 0.186667 0.195000
0 0.345000 0.256667 0.146667 0.163333
0 0.492500 0.611667 0.125000 0.196667
0 0.217500 0.313333 0.118333 0.203333
0 0.212500 0.690833 0.101667 0.265000
0 0.196667 0.461667 0.086667 0.143333
0 0.307500 0.760000 0.105000 0.110000
0 0.382500 0.563333 0.101667 0.143333
0 0.273333 0.585000 0.153333 0.260000
0 0.651667 0.475833 0.223333 0.168333
