0 0.803333 0.160000 0.140000 0.253333
0 0.786667 0.523333 0.143333 0.296667
0 0.707500 0.302500 0.138333 0.161667
0 0.695833 0.558333 0.191667 0.513333
0 0.625833 0.113333 0.145000 0.206667
0 0.591667 0.865833 0.166667 0.268333
0 0.430000 0.515833 0.160000 0.361667
0 0.591667 0.610833 0.100000 0.225000
0 0.525833 0.744167 0.145000 0.191667
0 0.544167 0.484167 0.135000 0.285000
0 0.478333 0.295833 0.203333 0.201667
0 0.540000 0.185833 0.150000 0.271667
0 0.405000 0.130833 0.203333 0.261667
0 0.234167 0.077500 0.121667 0.155000
0 0.300000 0.318333 0.160000 0.370000
0 0.360000 0.778333 0.226667 0.220000
0 0.398333 0.922500 0.243333 0.155000
0 0.169167 0.881667 0.201667 0.206667
0 0.187500 0.683333 0.285000 0.263333
0 0.108333 0.556667 0.183333 0.230000
0 0.284167 0.585000 0.155000 0.180000
0 0.216667 0.380000 0.116667 0.296667
0 0.110000 0.077500 0.113333 0.155000
0 0.149167 0.265000 0.131667 0.340000
0 0.060000 0.273333 0.120000 0.476667
