0 0.779167 0.166667 0.255000 0.140000
0 0.483333 0.175000 0.323333 0.123333
0 0.289167 0.219167 0.325000 0.165000
0 0.189167 0.445833 0.255000 0.131667
0 0.821667 0.375833 0.226667 0.191667
0 0.536667 0.266667 0.280000 0.156667
0 0.475000 0.422500 0.200000 0.131667
0 0.318333 0.351667 0.220000 0.146667
0 0.110000 0.350833 0.220000 0.158333
0 0.071667 0.554167 0.143333 0.135000
0 0.396667 0.527500 0.226667 0.128333
0 0.342500 0.628333 0.211667 0.123333
0 0.295000 0.770833 0.296667 0.255000
0 0.195833 0.833333 0.301667 0.213333
0 0.151667 0.622500 0.283333 0.235000
0 0.622500 0.459167 0.175000 0.188333
0 0.817500 0.551667 0.238333 0.170000
0 0.660833 0.638333 0.278333 0.146667
0 0.600000 0.727500 0.263333 0.125000
0 0.894167 0.858333 0.211667 0.136667
0 0.879167 0.713333 0.191667 0.150000
0 0.710833 0.888333 0.468333 0.130000
0 0.446667 0.842500 0.206667 0.201667
0 0.705000 0.820833 0.343333 0.115000
0 0.766667 0.262500 0.203333 0.121667
