0 0.866667 0.207500 0.266667 0.148333
0 0.529167 0.215833 0.295000 0.135000
0 0.354167 0.256667 0.385000 0.166667
0 0.140833 0.424167 0.281667 0.215000
0 0.643333 0.301667 0.303333 0.183333
0 0.898333 0.415000 0.203333 0.193333
0 0.863333 0.300833 0.210000 0.108333
0 0.519167 0.459167 0.278333 0.145000
0 0.383333 0.405000 0.223333 0.140000
0 0.246667 0.489167 0.183333 0.138333
0 0.928333 0.935833 0.143333 0.128333
0 0.689167 0.966667 0.358333 0.066667
0 0.453333 0.914167 0.230000 0.171667
0 0.735833 0.736667 0.418333 0.190000
0 0.937500 0.794167 0.125000 0.158333
0 0.435000 0.735833 0.200000 0.148333
0 0.879167 0.611667 0.241667 0.220000
0 0.696667 0.491667 0.173333 0.136667
0 0.868333 0.496667 0.206667 0.106667
0 0.575833 0.595000 0.478333 0.153333
0 0.220000 0.657500 0.263333 0.218333
0 0.072500 0.630000 0.145000 0.263333
0 0.106667 0.863333 0.213333 0.210000
0 0.288333 0.852500 0.233333 0.291667
0 0.770000 0.888333 0.386667 0.143333
0 0.637500 0.824167 0.298333 0.105000
