0 0.840833 0.196667 0.231667 0.223333
0 0.507500 0.275000 0.301667 0.266667
0 0.418333 0.330833 0.320000 0.221667
0 0.463333 0.480833 0.246667 0.248333
0 0.305833 0.817500 0.318333 0.191667
0 0.341667 0.760000 0.136667 0.180000
0 0.171667 0.623333 0.176667 0.216667
0 0.219167 0.485833 0.231667 0.261667
0 0.397500 0.603333 0.198333 0.246667
0 0.478333 0.731667 0.146667 0.166667
0 0.582500 0.850833 0.295000 0.121667
0 0.653333 0.499167 0.180000 0.135000
0 0.832500 0.482500 0.208333 0.191667
0 0.750833 0.376667 0.215000 0.156667
0 0.856667 0.708333 0.113333 0.226667
0 0.611667 0.723333 0.123333 0.120000
0 0.613333 0.609167 0.200000 0.121667
0 0.769167 0.604167 0.158333 0.201667
0 0.831667 0.833333 0.123333 0.080000
0 0.744167 0.759167 0.158333 0.108333
0 0.275833 0.367500 0.188333 0.208333
0 0.682500 0.817500 0.195000 0.095000
