0 0.669167 0.467500 0.168333 0.248333
0 0.787500 0.764167 0.125000 0.278333
0 0.648333 0.838333 0.133333 0.220000
0 0.315000 0.880000 0.193333 0.173333
0 0.461667 0.825833 0.196667 0.268333
0 0.527500 0.555000 0.135000 0.256667
0 0.345833 0.327500 0.158333 0.218333
0 0.536667 0.116667 0.143333 0.233333
0 0.412500 0.125833 0.155000 0.188333
0 0.467500 0.399167 0.155000 0.348333
0 0.545000 0.680833 0.183333 0.295000
0 0.705833 0.599167 0.165000 0.208333
0 0.699167 0.744167 0.095000 0.125000
0 0.759167 0.269167 0.135000 0.148333
0 0.781667 0.431667 0.096667 0.183333
0 0.663333 0.130000 0.240000 0.250000
0 0.596667 0.394167 0.160000 0.338333
0 0.321667 0.650833 0.193333 0.301667
0 0.185833 0.465000 0.105000 0.366667
0 0.195833 0.232500 0.138333 0.241667
0 0.213333 0.080833 0.166667 0.161667
0 0.310833 0.124167 0.091667 0.225000
0 0.267500 0.541667 0.151667 0.293333
0 0.815833 0.064167 0.081667 0.128333
0 0.778333 0.178333 0.163333 0.140000
0 0.821667 0.317500 0.043333 0.141667
