0 0.335000 0.565833 0.156667 0.365000
0 0.306667 0.215833 0.183333 0.248333
0 0.388333 0.865000 0.253333 0.186667
0 0.802500 0.773333 0.185000 0.260000
0 0.481667 0.220833 0.156667 0.175000
0 0.560833 0.428333 0.235000 0.263333
0 0.472500 0.540833 0.145000 0.248333
0 0.496667 0.717500 0.146667 0.175000
0 0.602500 0.820000 0.165000 0.196667
0 0.577500 0.602500 0.188333 0.191667
0 0.680833 0.655000 0.191667 0.240000
0 0.928333 0.788333 0.120000 0.120000
0 0.595833 0.212500 0.091667 0.145000
0 0.942500 0.309167 0.108333 0.185000
0 0.932500 0.525833 0.135000 0.225000
0 0.905000 0.640833 0.190000 0.208333
0 0.829167 0.447500 0.121667 0.165000
0 0.656667 0.404167 0.156667 0.251667
0 0.756667 0.380000 0.096667 0.173333
0 0.777500 0.248333 0.221667 0.250000
0 0.676667 0.242500 0.150000 0.128333
0 0.895833 0.200833 0.101667 0.105000
