0 0.584167 0.313333 0.361667 0.153333
0 0.237500 0.285833 0.245000 0.181667
0 0.879167 0.366667 0.185000 0.250000
0 0.789167 0.775833 0.258333 0.181667
0 0.242500 0.459167 0.175000 0.155000
0 0.447500 0.537500 0.258333 0.231667
0 0.559167 0.450000 0.248333 0.143333
0 0.733333 0.473333 0.173333 0.143333
0 0.835000 0.578333 0.193333 0.163333
0 0.620000 0.553333 0.190000 0.186667
0 0.671667 0.655833 0.236667 0.188333
0 0.804167 0.900000 0.118333 0.120000
0 0.235000 0.571667 0.143333 0.090000
0 0.330000 0.914167 0.183333 0.108333
0 0.544167 0.913333 0.221667 0.153333
0 0.658333 0.884167 0.206667 0.201667
0 0.466667 0.802500 0.163333 0.121667
0 0.424167 0.632500 0.248333 0.155000
0 0.400833 0.730833 0.171667 0.095000
0 0.270000 0.751667 0.246667 0.220000
0 0.264167 0.650833 0.128333 0.148333
0 0.223333 0.868333 0.103333 0.100000
