0 0.225000 0.160000 0.266667 0.146667
0 0.536667 0.168333 0.340000 0.130000
0 0.740000 0.215000 0.343333 0.173333
0 0.845833 0.453333 0.268333 0.136667
0 0.180000 0.379167 0.236667 0.201667
0 0.480000 0.264167 0.293333 0.165000
0 0.545833 0.429167 0.211667 0.138333
0 0.709167 0.354167 0.231667 0.155000
0 0.906667 0.353333 0.186667 0.166667
0 0.946667 0.566667 0.106667 0.140000
0 0.627500 0.538333 0.238333 0.136667
0 0.685000 0.644167 0.223333 0.128333
0 0.735000 0.794167 0.313333 0.268333
0 0.838333 0.860000 0.316667 0.223333
0 0.868333 0.638333 0.263333 0.246667
0 0.390833 0.466667 0.185000 0.196667
0 0.185000 0.563333 0.253333 0.180000
0 0.350000 0.655000 0.293333 0.153333
0 0.414167 0.749167 0.278333 0.131667
0 0.108333 0.885833 0.216667 0.141667
0 0.120000 0.733333 0.203333 0.156667
0 0.297500 0.918333 0.491667 0.136667
0 0.575000 0.869167 0.216667 0.211667
0 0.303333 0.847500 0.360000 0.121667
0 0.238333 0.260833 0.213333 0.128333
