0 0.212500 0.228333 0.265000 0.250000
0 0.540000 0.311667 0.283333 0.266667
0 0.635833 0.334167 0.305000 0.281667
0 0.870833 0.465833 0.138333 0.138333
0 0.193333 0.522500 0.203333 0.181667
0 0.687500 0.651667 0.215000 0.266667
0 0.765833 0.407500 0.208333 0.195000
0 0.568333 0.514167 0.223333 0.241667
0 0.341667 0.425833 0.256667 0.168333
0 0.423333 0.603333 0.190000 0.200000
0 0.260833 0.655000 0.205000 0.196667
0 0.190833 0.778333 0.138333 0.183333
0 0.553333 0.753333 0.160000 0.196667
0 0.720000 0.865000 0.363333 0.180000
0 0.689167 0.807500 0.138333 0.171667
0 0.850833 0.670000 0.211667 0.226667
0 0.345833 0.775833 0.275000 0.151667
0 0.458333 0.886667 0.273333 0.143333
0 0.285833 0.869167 0.265000 0.115000
