0 0.912500 0.194167 0.175000 0.388333
0 0.716667 0.645833 0.226667 0.278333
0 0.896667 0.830000 0.150000 0.340000
0 0.648333 0.240000 0.230000 0.303333
0 0.578333 0.046667 0.236667 0.090000
0 0.265000 0.063333 0.143333 0.126667
0 0.414167 0.054167 0.115000 0.108333
0 0.360000 0.186667 0.150000 0.260000
0 0.506667 0.184167 0.113333 0.225000
0 0.499167 0.636667 0.135000 0.266667
0 0.446667 0.380833 0.130000 0.325000
0 0.135000 0.907500 0.156667 0.185000
0 0.185000 0.528333 0.150000 0.206667
0 0.118333 0.131667 0.056667 0.260000
0 0.227500 0.233333 0.115000 0.166667
0 0.162500 0.372500 0.171667 0.201667
0 0.315000 0.392500 0.106667 0.181667
0 0.348333 0.658333 0.123333 0.226667
0 0.478333 0.821667 0.200000 0.320000
0 0.771667 0.927500 0.116667 0.145000
0 0.638333 0.862500 0.133333 0.275000
0 0.210000 0.787500 0.223333 0.231667
0 0.265000 0.675833 0.103333 0.248333
0 0.593333 0.503333 0.136667 0.296667
0 0.160833 0.591667 0.135000 0.176667
