0 0.340833 0.140000 0.225000 0.166667
0 0.281667 0.366667 0.173333 0.316667
0 0.256667 0.710833 0.136667 0.205000
0 0.345833 0.625000 0.141667 0.163333
0 0.353333 0.545833 0.116667 0.095000
0 0.407500 0.415833 0.135000 0.198333
0 0.425000 0.710833 0.170000 0.158333
0 0.542500 0.730833 0.095000 0.118333
0 0.484167 0.558333 0.151667 0.166667
0 0.490000 0.409167 0.193333 0.191667
0 0.465833 0.251667 0.131667 0.140000
0 0.535000 0.169167 0.150000 0.161667
0 0.609167 0.350000 0.171667 0.250000
0 0.725833 0.220833 0.171667 0.241667
0 0.836667 0.209167 0.113333 0.131667
0 0.691667 0.704167 0.203333 0.208333
0 0.581667 0.550833 0.163333 0.255000
0 0.669167 0.582500 0.095000 0.138333
0 0.749167 0.486667 0.138333 0.200000
0 0.849167 0.454167 0.131667 0.201667
0 0.805000 0.723333 0.090000 0.120000
0 0.844167 0.617500 0.105000 0.201667
0 0.662500 0.670000 0.125000 0.140000
