0 0.188333 0.875833 0.146667 0.248333
0 0.205833 0.506667 0.148333 0.306667
0 0.289167 0.736667 0.145000 0.170000
0 0.300000 0.470833 0.200000 0.535000
0 0.373333 0.912500 0.150000 0.175000
0 0.409167 0.145000 0.171667 0.290000
0 0.576667 0.515000 0.166667 0.376667
0 0.408333 0.415833 0.103333 0.235000
0 0.477500 0.277500 0.151667 0.198333
0 0.457500 0.546667 0.138333 0.296667
0 0.525833 0.743333 0.211667 0.210000
0 0.462500 0.857500 0.155000 0.281667
0 0.602500 0.889167 0.211667 0.221667
0 0.780000 0.945000 0.126667 0.110000
0 0.711667 0.720000 0.166667 0.386667
0 0.650000 0.241667 0.236667 0.230000
0 0.610000 0.085833 0.253333 0.171667
0 0.848333 0.134167 0.210000 0.215000
0 0.829167 0.340000 0.295000 0.273333
0 0.907500 0.471667 0.185000 0.240000
0 0.728333 0.441667 0.160000 0.186667
0 0.799167 0.655000 0.121667 0.306667
0 0.903333 0.945000 0.106667 0.110000
0 0.868333 0.775000 0.136667 0.353333
0 0.949167 0.759167 0.101667 0.481667
