0 0.070833 0.803333 0.141667 0.393333
0 0.248333 0.360000 0.220000 0.270000
0 0.073333 0.171667 0.143333 0.343333
0 0.314167 0.751667 0.221667 0.293333
0 0.381667 0.947500 0.230000 0.105000
0 0.684167 0.930000 0.138333 0.140000
0 0.540833 0.939167 0.111667 0.121667
0 0.593333 0.802500 0.143333 0.251667
0 0.450833 0.805833 0.108333 0.218333
0 0.458333 0.368333 0.130000 0.256667
0 0.508333 0.614167 0.126667 0.315000
0 0.810000 0.098333 0.150000 0.193333
0 0.761667 0.472500 0.143333 0.198333
0 0.826667 0.865000 0.056667 0.270000
0 0.720833 0.757500 0.111667 0.161667
0 0.783333 0.622500 0.166667 0.195000
0 0.636667 0.603333 0.103333 0.176667
0 0.602500 0.346667 0.118333 0.220000
0 0.478333 0.188333 0.193333 0.310000
0 0.195000 0.077500 0.113333 0.155000
0 0.322500 0.140833 0.128333 0.281667
0 0.738333 0.221667 0.216667 0.223333
0 0.685000 0.330000 0.100000 0.240000
0 0.368333 0.496667 0.133333 0.286667
0 0.786667 0.411667 0.130000 0.170000
