0 0.705833 0.585000 0.145000 0.340000
0 0.731667 0.258333 0.170000 0.230000
0 0.655833 0.863333 0.235000 0.173333
0 0.270833 0.777500 0.171667 0.241667
0 0.569167 0.263333 0.145000 0.163333
0 0.495000 0.456667 0.216667 0.243333
0 0.578333 0.561667 0.133333 0.233333
0 0.555833 0.725833 0.135000 0.161667
0 0.457500 0.820833 0.151667 0.181667
0 0.480000 0.618333 0.173333 0.180000
0 0.384167 0.666667 0.178333 0.223333
0 0.154167 0.792500 0.111667 0.111667
0 0.463333 0.255833 0.086667 0.135000
0 0.140833 0.345833 0.101667 0.171667
0 0.141667 0.547500 0.143333 0.208333
0 0.169167 0.654167 0.188333 0.195000
0 0.246667 0.475000 0.113333 0.153333
0 0.406667 0.434167 0.146667 0.235000
0 0.313333 0.412500 0.090000 0.161667
0 0.294167 0.289167 0.208333 0.231667
0 0.388333 0.285000 0.140000 0.120000
0 0.184167 0.245000 0.095000 0.096667
