0 0.167500 0.262500 0.218333 0.325000
0 0.181667 0.350000 0.113333 0.213333
0 0.193333 0.667500 0.166667 0.248333
0 0.256667 0.475833 0.160000 0.305000
0 0.295000 0.958333 0.156667 0.083333
0 0.296667 0.792500 0.163333 0.278333
0 0.385833 0.872500 0.158333 0.255000
0 0.373333 0.584167 0.200000 0.185000
0 0.449167 0.493333 0.181667 0.256667
0 0.375000 0.336667 0.100000 0.263333
0 0.346667 0.208333 0.130000 0.250000
0 0.474167 0.245000 0.125000 0.246667
0 0.588333 0.273333 0.116667 0.270000
0 0.525000 0.618333 0.106667 0.210000
0 0.612500 0.475833 0.161667 0.235000
0 0.700000 0.240833 0.123333 0.255000
0 0.824167 0.252500 0.145000 0.291667
0 0.879167 0.343333 0.108333 0.356667
0 0.870000 0.640000 0.106667 0.256667
0 0.780000 0.455833 0.156667 0.245000
0 0.775000 0.825000 0.116667 0.216667
0 0.572500 0.835833 0.111667 0.298333
0 0.604167 0.936667 0.235000 0.126667
0 0.648333 0.711667 0.136667 0.363333
0 0.760833 0.604167 0.158333 0.178333
