0 0.212500 0.385833 0.165000 0.401667
0 0.310833 0.813333 0.248333 0.186667
0 0.271667 0.670833 0.233333 0.208333
0 0.375000 0.386667 0.200000 0.206667
0 0.397500 0.250000 0.178333 0.170000
0 0.564167 0.314167 0.158333 0.235000
0 0.700833 0.295833 0.128333 0.215000
0 0.780000 0.237500 0.173333 0.138333
0 0.519167 0.674167 0.235000 0.178333
0 0.530000 0.858333 0.180000 0.186667
0 0.686667 0.852500 0.180000 0.205000
0 0.865000 0.701667 0.173333 0.210000
0 0.770000 0.578333 0.140000 0.170000
0 0.717500 0.736667 0.178333 0.246667
0 0.635000 0.548333 0.150000 0.140000
0 0.652500 0.443333 0.215000 0.153333
0 0.490000 0.476667 0.143333 0.223333
0 0.319167 0.510000 0.161667 0.146667
0 0.434167 0.651667 0.135000 0.280000
0 0.820000 0.400833 0.143333 0.161667
0 0.925833 0.269167 0.121667 0.198333
0 0.914167 0.569167 0.151667 0.198333
0 0.912500 0.409167 0.138333 0.155000
0 0.819167 0.854167 0.101667 0.098333
