0 0.127500 0.120833 0.148333 0.241667
0 0.135833 0.445833 0.135000 0.295000
0 0.176667 0.620833 0.166667 0.385000
0 0.344167 0.846667 0.215000 0.306667
0 0.221667 0.330833 0.183333 0.305000
0 0.330000 0.089167 0.183333 0.178333
0 0.221667 0.110833 0.110000 0.208333
0 0.379167 0.455833 0.145000 0.278333
0 0.325000 0.590833 0.140000 0.221667
0 0.409167 0.728333 0.138333 0.183333
0 0.874167 0.058333 0.155000 0.116667
0 0.914167 0.285000 0.121667 0.360000
0 0.848333 0.520833 0.200000 0.228333
0 0.657500 0.239167 0.188333 0.418333
0 0.712500 0.050000 0.151667 0.100000
0 0.655833 0.540000 0.148333 0.200000
0 0.535833 0.107500 0.215000 0.215000
0 0.411667 0.278333 0.136667 0.173333
0 0.417500 0.106667 0.108333 0.206667
0 0.515833 0.399167 0.155000 0.478333
0 0.578333 0.755000 0.220000 0.263333
0 0.550833 0.914167 0.265000 0.171667
0 0.784167 0.880000 0.208333 0.236667
0 0.773333 0.686667 0.293333 0.233333
0 0.809167 0.205000 0.141667 0.386667
0 0.745000 0.335833 0.103333 0.298333
