0 0.251667 0.870833 0.233333 0.238333
0 0.333333 0.525833 0.276667 0.311667
0 0.390833 0.433333 0.228333 0.330000
0 0.545833 0.480833 0.255000 0.255000
0 0.894167 0.318333 0.198333 0.330000
0 0.833333 0.354167 0.186667 0.141667
0 0.693333 0.178333 0.226667 0.183333
0 0.550833 0.228333 0.271667 0.240000
0 0.672500 0.412500 0.255000 0.205000
0 0.805000 0.495833 0.173333 0.151667
0 0.928333 0.603333 0.126667 0.306667
0 0.565000 0.678333 0.140000 0.186667
0 0.547500 0.863333 0.198333 0.216667
0 0.439167 0.778333 0.161667 0.223333
0 0.780833 0.887500 0.235000 0.118333
0 0.796667 0.634167 0.126667 0.128333
0 0.679167 0.635000 0.125000 0.206667
0 0.674167 0.796667 0.208333 0.163333
0 0.910000 0.860833 0.083333 0.128333
0 0.833333 0.771667 0.113333 0.163333
0 0.429167 0.287500 0.215000 0.195000
0 0.894167 0.707500 0.098333 0.201667
