0 0.316667 0.877500 0.206667 0.231667
0 0.441667 0.836667 0.193333 0.250000
0 0.135000 0.605000 0.136667 0.216667
0 0.222500 0.502500 0.135000 0.205000
0 0.220000 0.095000 0.230000 0.190000
0 0.213333 0.194167 0.120000 0.178333
0 0.174167 0.377500 0.171667 0.215000
0 0.362500 0.525833 0.228333 0.345000
0 0.335000 0.243333 0.193333 0.323333
0 0.401667 0.197500 0.166667 0.245000
0 0.449167 0.121667 0.118333 0.206667
0 0.690000 0.113333 0.153333 0.223333
0 0.797500 0.105000 0.175000 0.203333
0 0.886667 0.271667 0.116667 0.220000
0 0.748333 0.305000 0.153333 0.253333
0 0.562500 0.128333 0.161667 0.223333
0 0.767500 0.464167 0.161667 0.215000
0 0.800000 0.627500 0.203333 0.211667
0 0.813333 0.760000 0.153333 0.210000
0 0.625000 0.320833 0.170000 0.301667
0 0.624167 0.534167 0.145000 0.338333
0 0.493333 0.344167 0.146667 0.198333
0 0.513333 0.525833 0.103333 0.191667
0 0.570833 0.679167 0.225000 0.251667
0 0.861667 0.458333 0.086667 0.156667
