0 0.771667 0.150000 0.333333 0.223333
0 0.681667 0.163333 0.216667 0.116667
0 0.357500 0.175833 0.255000 0.168333
0 0.552500 0.240000 0.311667 0.163333
0 0.051667 0.284167 0.103333 0.171667
0 0.229167 0.281667 0.285000 0.166667
0 0.138333 0.372500 0.276667 0.161667
0 0.442500 0.360000 0.188333 0.203333
0 0.535833 0.436667 0.261667 0.186667
0 0.695000 0.361667 0.270000 0.103333
0 0.826667 0.332500 0.253333 0.131667
0 0.788333 0.463333 0.250000 0.126667
0 0.760000 0.579167 0.276667 0.118333
0 0.407500 0.515000 0.215000 0.110000
0 0.553333 0.604167 0.240000 0.165000
0 0.793333 0.693333 0.260000 0.126667
0 0.781667 0.820000 0.296667 0.150000
0 0.688333 0.875833 0.363333 0.111667
0 0.384167 0.867500 0.261667 0.108333
0 0.573333 0.775000 0.250000 0.160000
0 0.197500 0.770000 0.221667 0.116667
0 0.185000 0.563333 0.306667 0.113333
0 0.073333 0.595000 0.146667 0.240000
0 0.311667 0.640000 0.370000 0.140000
0 0.422500 0.755833 0.181667 0.161667
