0 0.800000 0.790833 0.226667 0.235000
0 0.719167 0.451667 0.271667 0.306667
0 0.662500 0.361667 0.225000 0.323333
0 0.510833 0.407500 0.251667 0.251667
0 0.169167 0.247500 0.195000 0.325000
0 0.228333 0.282500 0.183333 0.138333
0 0.365833 0.110833 0.221667 0.178333
0 0.506667 0.159167 0.266667 0.235000
0 0.385833 0.340833 0.251667 0.201667
0 0.256667 0.422500 0.170000 0.148333
0 0.134167 0.528333 0.125000 0.300000
0 0.492500 0.601667 0.138333 0.183333
0 0.509167 0.782500 0.195000 0.211667
0 0.615833 0.700000 0.158333 0.220000
0 0.280000 0.806667 0.230000 0.116667
0 0.265000 0.558333 0.123333 0.126667
0 0.380000 0.559167 0.123333 0.205000
0 0.385833 0.717500 0.205000 0.161667
0 0.152500 0.780833 0.081667 0.125000
0 0.227500 0.693333 0.111667 0.160000
0 0.625833 0.217500 0.211667 0.191667
0 0.168333 0.629167 0.096667 0.198333
