0 0.783333 0.121667 0.183333 0.243333
0 0.739167 0.399167 0.265000 0.365000
0 0.768333 0.681667 0.203333 0.330000
0 0.644167 0.914167 0.241667 0.171667
0 0.595000 0.750000 0.203333 0.306667
0 0.444167 0.076667 0.271667 0.153333
0 0.629167 0.151667 0.138333 0.270000
0 0.506667 0.247500 0.243333 0.208333
0 0.287500 0.874167 0.235000 0.251667
0 0.117500 0.772500 0.145000 0.338333
0 0.232500 0.759167 0.118333 0.171667
0 0.124167 0.089167 0.145000 0.178333
0 0.123333 0.289167 0.166667 0.248333
0 0.360833 0.332500 0.275000 0.311667
0 0.238333 0.550833 0.143333 0.398333
0 0.335833 0.388333 0.141667 0.156667
0 0.230833 0.119167 0.125000 0.238333
0 0.354167 0.528333 0.148333 0.210000
0 0.453333 0.726667 0.126667 0.430000
0 0.117500 0.453333 0.078333 0.246667
