0 0.806667 0.085833 0.150000 0.171667
0 0.677500 0.083333 0.141667 0.166667
0 0.852500 0.287500 0.131667 0.231667
0 0.779167 0.416667 0.155000 0.233333
0 0.750000 0.225833 0.146667 0.175000
0 0.655833 0.353333 0.191667 0.403333
0 0.843333 0.854167 0.113333 0.211667
0 0.781667 0.575000 0.213333 0.276667
0 0.780833 0.795000 0.088333 0.270000
0 0.660000 0.722500 0.200000 0.338333
0 0.639167 0.878333 0.138333 0.213333
0 0.559167 0.817500 0.125000 0.258333
0 0.501667 0.598333 0.140000 0.206667
0 0.450000 0.797500 0.110000 0.238333
0 0.485833 0.353333 0.138333 0.356667
0 0.342500 0.843333 0.141667 0.210000
0 0.204167 0.845000 0.175000 0.213333
0 0.130000 0.735000 0.173333 0.336667
0 0.375833 0.661667 0.145000 0.253333
0 0.246667 0.641667 0.116667 0.236667
0 0.205000 0.498333 0.190000 0.200000
0 0.364167 0.376667 0.148333 0.366667
0 0.392500 0.213333 0.195000 0.233333
0 0.196667 0.284167 0.153333 0.178333
0 0.214167 0.141667 0.161667 0.173333
