0 0.189167 0.227500 0.155000 0.258333
0 0.363333 0.758333 0.236667 0.130000
0 0.230000 0.640000 0.153333 0.236667
0 0.241667 0.412500 0.206667 0.208333
0 0.325000 0.310833 0.230000 0.211667
0 0.591667 0.174167 0.230000 0.145000
0 0.669167 0.615833 0.141667 0.211667
0 0.560000 0.516667 0.153333 0.133333
0 0.427500 0.514167 0.161667 0.158333
0 0.321667 0.685833 0.103333 0.135000
0 0.465000 0.683333 0.190000 0.196667
0 0.626667 0.719167 0.150000 0.165000
0 0.477500 0.358333 0.128333 0.200000
0 0.756667 0.661667 0.120000 0.206667
0 0.761667 0.278333 0.103333 0.270000
0 0.777500 0.510833 0.088333 0.145000
0 0.665833 0.207500 0.105000 0.111667
0 0.588333 0.407500 0.103333 0.145000
0 0.700000 0.385833 0.156667 0.265000
0 0.315833 0.496667 0.225000 0.170000
