0 0.165000 0.330000 0.153333 0.226667
0 0.165833 0.505833 0.171667 0.185000
0 0.262500 0.600000 0.141667 0.166667
0 0.294167 0.337500 0.168333 0.231667
0 0.441667 0.202500 0.176667 0.151667
0 0.430000 0.336667 0.173333 0.160000
0 0.432500 0.487500 0.121667 0.218333
0 0.342500 0.712500 0.185000 0.121667
0 0.327500 0.500833 0.158333 0.161667
0 0.395000 0.625000 0.146667 0.106667
0 0.491667 0.673333 0.130000 0.200000
0 0.593333 0.203333 0.133333 0.233333
0 0.725000 0.172500 0.153333 0.205000
0 0.757500 0.351667 0.111667 0.286667
0 0.656667 0.381667 0.130000 0.166667
0 0.550000 0.354167 0.093333 0.165000
0 0.596667 0.522500 0.203333 0.171667
0 0.731667 0.727500 0.140000 0.171667
0 0.620833 0.722500 0.111667 0.175000
0 0.575000 0.680000 0.110000 0.170000
0 0.751667 0.605833 0.126667 0.201667
0 0.715833 0.526667 0.105000 0.123333
