0 0.673333 0.115833 0.203333 0.228333
0 0.551667 0.155000 0.190000 0.246667
0 0.853333 0.383333 0.133333 0.213333
0 0.767500 0.484167 0.131667 0.201667
0 0.770000 0.895833 0.226667 0.208333
0 0.775833 0.788333 0.118333 0.176667
0 0.814167 0.607500 0.168333 0.211667
0 0.629167 0.461667 0.225000 0.340000
0 0.655833 0.740000 0.188333 0.320000
0 0.590000 0.785000 0.163333 0.243333
0 0.544167 0.858333 0.118333 0.203333
0 0.306667 0.868333 0.150000 0.220000
0 0.200833 0.875833 0.171667 0.198333
0 0.113333 0.711667 0.116667 0.216667
0 0.249167 0.679167 0.151667 0.248333
0 0.432500 0.852500 0.158333 0.218333
0 0.230000 0.522500 0.160000 0.211667
0 0.198333 0.361667 0.200000 0.210000
0 0.185833 0.230000 0.151667 0.206667
0 0.370833 0.663333 0.168333 0.296667
0 0.371667 0.453333 0.143333 0.333333
0 0.500833 0.640833 0.145000 0.195000
0 0.480833 0.461667 0.101667 0.190000
0 0.423333 0.310833 0.220000 0.248333
0 0.137500 0.527500 0.085000 0.155000
