0 0.830833 0.904167 0.148333 0.191667
0 0.702500 0.906667 0.141667 0.186667
0 0.875833 0.694167 0.131667 0.231667
0 0.802500 0.565833 0.155000 0.231667
0 0.773333 0.755833 0.146667 0.171667
0 0.680000 0.628333 0.190000 0.403333
0 0.866667 0.130000 0.113333 0.210000
0 0.804167 0.409167 0.211667 0.275000
0 0.804167 0.189167 0.088333 0.268333
0 0.685000 0.261667 0.200000 0.336667
0 0.663333 0.106667 0.136667 0.213333
0 0.584167 0.167500 0.121667 0.255000
0 0.527500 0.385833 0.138333 0.205000
0 0.475833 0.186667 0.108333 0.236667
0 0.511667 0.629167 0.136667 0.355000
0 0.368333 0.141667 0.140000 0.210000
0 0.230833 0.140833 0.175000 0.211667
0 0.157500 0.249167 0.171667 0.335000
0 0.400833 0.322500 0.145000 0.251667
0 0.272500 0.341667 0.115000 0.233333
0 0.230833 0.484167 0.188333 0.198333
0 0.390000 0.605833 0.146667 0.365000
0 0.419167 0.767500 0.195000 0.231667
0 0.224167 0.697500 0.151667 0.178333
0 0.240833 0.839167 0.161667 0.171667
