0 0.335833 0.534167 0.165000 0.245000
0 0.220000 0.240833 0.123333 0.275000
0 0.356667 0.168333 0.133333 0.216667
0 0.686667 0.125833 0.190000 0.171667
0 0.540833 0.179167 0.195000 0.265000
0 0.476667 0.447500 0.133333 0.251667
0 0.656667 0.671667 0.156667 0.216667
0 0.467500 0.880833 0.141667 0.231667
0 0.590000 0.871667 0.153333 0.186667
0 0.535833 0.601667 0.151667 0.343333
0 0.459167 0.324167 0.181667 0.291667
0 0.300000 0.403333 0.163333 0.206667
0 0.306667 0.260000 0.093333 0.123333
0 0.246667 0.730000 0.133333 0.146667
0 0.225833 0.569167 0.095000 0.181667
0 0.341667 0.867500 0.236667 0.248333
0 0.407500 0.606667 0.158333 0.333333
0 0.680000 0.352500 0.190000 0.298333
0 0.815000 0.536667 0.103333 0.363333
0 0.804167 0.766667 0.135000 0.240000
0 0.787500 0.918333 0.165000 0.163333
0 0.690833 0.874167 0.091667 0.221667
0 0.733333 0.460000 0.150000 0.290000
0 0.190833 0.933333 0.081667 0.126667
0 0.227500 0.820000 0.161667 0.136667
0 0.185000 0.683333 0.043333 0.140000
