0 0.904167 0.189167 0.191667 0.145000
0 0.906667 0.314167 0.186667 0.138333
0 0.697500 0.144167 0.225000 0.128333
0 0.572500 0.216667 0.225000 0.150000
0 0.757500 0.244167 0.168333 0.141667
0 0.634167 0.335000 0.391667 0.186667
0 0.148333 0.153333 0.203333 0.110000
0 0.420000 0.214167 0.266667 0.205000
0 0.205833 0.215000 0.261667 0.086667
0 0.276667 0.330833 0.326667 0.195000
0 0.125000 0.351667 0.206667 0.133333
0 0.184167 0.428333 0.248333 0.120000
0 0.396667 0.484167 0.200000 0.135000
0 0.203333 0.535000 0.230000 0.106667
0 0.634167 0.500000 0.345000 0.133333
0 0.160000 0.639167 0.203333 0.138333
0 0.158333 0.772500 0.206667 0.171667
0 0.264167 0.845000 0.325000 0.166667
0 0.335000 0.606667 0.246667 0.140000
0 0.354167 0.732500 0.228333 0.111667
0 0.492500 0.772500 0.195000 0.185000
0 0.610833 0.617500 0.355000 0.141667
0 0.768333 0.590000 0.226667 0.190000
0 0.700833 0.780000 0.171667 0.146667
0 0.838333 0.763333 0.166667 0.156667
