0 0.780833 0.226667 0.228333 0.230000
0 0.697500 0.514167 0.261667 0.268333
0 0.706667 0.675000 0.253333 0.313333
0 0.497500 0.797500 0.255000 0.208333
0 0.495000 0.204167 0.183333 0.178333
0 0.173333 0.687500 0.163333 0.338333
0 0.367500 0.819167 0.225000 0.185000
0 0.505833 0.548333 0.268333 0.216667
0 0.387500 0.633333 0.258333 0.220000
0 0.590000 0.333333 0.166667 0.266667
0 0.349167 0.267500 0.141667 0.158333
0 0.425000 0.415833 0.200000 0.181667
0 0.265833 0.173333 0.208333 0.120000
0 0.147500 0.429167 0.118333 0.268333
0 0.273333 0.515000 0.170000 0.193333
0 0.256667 0.349167 0.140000 0.268333
0 0.166667 0.289167 0.106667 0.225000
0 0.233333 0.677500 0.196667 0.138333
