0 0.194167 0.835000 0.145000 0.300000
0 0.251667 0.262500 0.180000 0.371667
0 0.267500 0.540000 0.175000 0.263333
0 0.422500 0.249167 0.161667 0.268333
0 0.336667 0.071667 0.216667 0.143333
0 0.460000 0.732500 0.176667 0.241667
0 0.318333 0.747500 0.106667 0.185000
0 0.417500 0.860833 0.081667 0.101667
0 0.421667 0.641667 0.123333 0.206667
0 0.527500 0.245000 0.131667 0.413333
0 0.674167 0.089167 0.201667 0.178333
0 0.845000 0.196667 0.133333 0.296667
0 0.849167 0.904167 0.121667 0.188333
0 0.590833 0.846667 0.161667 0.226667
0 0.629167 0.611667 0.291667 0.350000
0 0.629167 0.430833 0.125000 0.211667
0 0.676667 0.525000 0.093333 0.193333
0 0.708333 0.357500 0.200000 0.401667
0 0.844167 0.481667 0.085000 0.266667
0 0.828333 0.677500 0.176667 0.281667
0 0.730833 0.867500 0.148333 0.225000
