0 0.221667 0.240833 0.170000 0.175000
0 0.792500 0.529167 0.181667 0.201667
0 0.731667 0.216667 0.303333 0.166667
0 0.525000 0.291667 0.280000 0.146667
0 0.332500 0.344167 0.221667 0.148333
0 0.493333 0.445000 0.196667 0.160000
0 0.663333 0.502500 0.176667 0.141667
0 0.690000 0.381667 0.283333 0.210000
0 0.635833 0.611667 0.211667 0.210000
0 0.165000 0.849167 0.176667 0.148333
0 0.152500 0.712500 0.191667 0.145000
0 0.291667 0.609167 0.116667 0.208333
0 0.181667 0.564167 0.163333 0.201667
0 0.186667 0.400833 0.130000 0.135000
0 0.246667 0.471667 0.206667 0.103333
0 0.448333 0.869167 0.223333 0.155000
0 0.699167 0.872500 0.291667 0.175000
0 0.658333 0.764167 0.163333 0.128333
0 0.538333 0.764167 0.113333 0.145000
0 0.375000 0.785833 0.273333 0.235000
0 0.457500 0.196667 0.328333 0.160000
0 0.428333 0.558333 0.200000 0.220000
