0 0.796667 0.856667 0.143333 0.260000
0 0.787500 0.530000 0.128333 0.283333
0 0.748333 0.361667 0.160000 0.370000
0 0.587500 0.145833 0.208333 0.291667
0 0.705000 0.640000 0.176667 0.290000
0 0.595000 0.893333 0.186667 0.213333
0 0.705833 0.850833 0.105000 0.201667
0 0.554167 0.520000 0.138333 0.266667
0 0.605833 0.390000 0.135000 0.213333
0 0.525000 0.259167 0.133333 0.175000
0 0.080833 0.922500 0.151667 0.155000
0 0.049167 0.684167 0.098333 0.345000
0 0.103333 0.458333 0.193333 0.220000
0 0.287500 0.727500 0.181667 0.401667
0 0.231667 0.930833 0.153333 0.138333
0 0.288333 0.440000 0.143333 0.193333
0 0.407500 0.875000 0.211667 0.250000
0 0.522500 0.690000 0.131667 0.166667
0 0.517500 0.855833 0.101667 0.198333
0 0.423333 0.574167 0.146667 0.458333
0 0.363333 0.233333 0.210000 0.253333
0 0.389167 0.080833 0.255000 0.161667
0 0.165833 0.113333 0.201667 0.226667
0 0.175833 0.298333 0.281667 0.223333
0 0.141667 0.760000 0.136667 0.370000
0 0.203333 0.635000 0.100000 0.286667
