0 0.432500 0.900000 0.275000 0.200000
0 0.259167 0.710000 0.231667 0.276667
0 0.332500 0.575833 0.158333 0.238333
0 0.475833 0.660833 0.245000 0.278333
0 0.640833 0.857500 0.281667 0.241667
0 0.847500 0.676667 0.198333 0.236667
0 0.885833 0.424167 0.185000 0.205000
0 0.854167 0.281667 0.178333 0.193333
0 0.658333 0.228333 0.130000 0.170000
0 0.656667 0.364167 0.156667 0.188333
0 0.758333 0.325000 0.100000 0.146667
0 0.741667 0.530000 0.146667 0.273333
0 0.592500 0.450833 0.148333 0.181667
0 0.644167 0.655000 0.221667 0.283333
0 0.482500 0.430000 0.101667 0.193333
0 0.130833 0.510000 0.135000 0.236667
0 0.275833 0.396667 0.138333 0.186667
0 0.422500 0.250000 0.161667 0.176667
0 0.535833 0.285833 0.131667 0.171667
0 0.217500 0.177500 0.185000 0.145000
0 0.336667 0.209167 0.053333 0.078333
0 0.187500 0.299167 0.148333 0.215000
0 0.305833 0.276667 0.108333 0.193333
0 0.874167 0.538333 0.158333 0.140000
