0 0.775833 0.222500 0.238333 0.238333
0 0.688333 0.521667 0.273333 0.280000
0 0.699167 0.690000 0.265000 0.326667
0 0.480000 0.816667 0.266667 0.216667
0 0.479167 0.199167 0.191667 0.185000
0 0.142500 0.703333 0.171667 0.353333
0 0.344167 0.840000 0.235000 0.193333
0 0.490000 0.558333 0.280000 0.226667
0 0.365833 0.646667 0.268333 0.230000
0 0.577500 0.333333 0.171667 0.276667
0 0.326667 0.264167 0.146667 0.165000
0 0.404167 0.419167 0.208333 0.188333
0 0.239167 0.165833 0.218333 0.125000
0 0.115833 0.433333 0.125000 0.280000
0 0.246667 0.523333 0.176667 0.203333
0 0.229167 0.350000 0.145000 0.280000
0 0.135833 0.287500 0.111667 0.235000
0 0.205000 0.692500 0.203333 0.145000
