0 0.800000 0.658333 0.146667 0.290000
0 0.315000 0.750000 0.160000 0.443333
0 0.170833 0.830833 0.135000 0.338333
0 0.055833 0.685000 0.111667 0.543333
0 0.236667 0.443333 0.173333 0.376667
0 0.035000 0.086667 0.070000 0.173333
0 0.440833 0.675833 0.185000 0.265000
0 0.421667 0.426667 0.143333 0.383333
0 0.307500 0.197500 0.165000 0.268333
0 0.235000 0.050000 0.170000 0.100000
0 0.400000 0.068333 0.166667 0.136667
0 0.484167 0.207500 0.135000 0.278333
0 0.572500 0.452500 0.171667 0.385000
0 0.611667 0.151667 0.146667 0.230000
0 0.587500 0.020833 0.128333 0.041667
0 0.760833 0.120000 0.181667 0.240000
0 0.715833 0.018333 0.145000 0.036667
0 0.762500 0.297500 0.168333 0.215000
0 0.687500 0.424167 0.101667 0.271667
0 0.741667 0.521667 0.216667 0.240000
0 0.503333 0.025833 0.053333 0.051667
