0 0.206667 0.195000 0.273333 0.256667
0 0.542500 0.281667 0.291667 0.273333
0 0.641667 0.304167 0.313333 0.288333
0 0.882500 0.440000 0.141667 0.143333
0 0.186667 0.498333 0.210000 0.186667
0 0.694167 0.630000 0.221667 0.273333
0 0.775000 0.380000 0.213333 0.200000
0 0.571667 0.489167 0.226667 0.248333
0 0.338333 0.398333 0.263333 0.173333
0 0.422500 0.580833 0.195000 0.205000
0 0.255000 0.634167 0.210000 0.201667
0 0.183333 0.760833 0.143333 0.188333
0 0.556667 0.735000 0.163333 0.203333
0 0.726667 0.850000 0.373333 0.186667
0 0.695833 0.791667 0.141667 0.176667
0 0.862500 0.650000 0.218333 0.233333
0 0.342500 0.759167 0.281667 0.155000
0 0.458333 0.871667 0.280000 0.146667
0 0.281667 0.854167 0.273333 0.118333
