0 0.684167 0.489167 0.181667 0.271667
0 0.812500 0.165833 0.135000 0.301667
0 0.662500 0.102500 0.145000 0.205000
0 0.300000 0.067500 0.210000 0.135000
0 0.459167 0.122500 0.215000 0.245000
0 0.530000 0.394167 0.146667 0.278333
0 0.332500 0.640000 0.171667 0.236667
0 0.540833 0.870000 0.155000 0.256667
0 0.405833 0.860833 0.168333 0.205000
0 0.465000 0.562500 0.166667 0.378333
0 0.549167 0.257500 0.201667 0.321667
0 0.725000 0.345000 0.180000 0.226667
0 0.717500 0.186667 0.101667 0.136667
0 0.781667 0.704167 0.146667 0.158333
0 0.805833 0.527500 0.105000 0.198333
0 0.678333 0.855000 0.260000 0.273333
0 0.605833 0.568333 0.175000 0.366667
0 0.306667 0.289167 0.210000 0.328333
0 0.159167 0.491667 0.115000 0.400000
0 0.170000 0.744167 0.150000 0.261667
0 0.189167 0.910833 0.181667 0.178333
0 0.295000 0.861667 0.100000 0.243333
0 0.248333 0.406667 0.163333 0.320000
0 0.843333 0.926667 0.090000 0.140000
0 0.803333 0.802500 0.176667 0.151667
0 0.850000 0.651667 0.046667 0.153333
