0 0.169167 0.312500 0.158333 0.235000
0 0.169167 0.494167 0.178333 0.191667
0 0.270000 0.593333 0.146667 0.173333
0 0.302500 0.320000 0.175000 0.240000
0 0.455833 0.180833 0.181667 0.158333
0 0.444167 0.320000 0.181667 0.166667
0 0.446667 0.475833 0.126667 0.225000
0 0.354167 0.709167 0.191667 0.125000
0 0.338333 0.489167 0.163333 0.168333
0 0.408333 0.619167 0.153333 0.111667
0 0.507500 0.669167 0.135000 0.208333
0 0.614167 0.180833 0.138333 0.241667
0 0.750000 0.149167 0.160000 0.215000
0 0.784167 0.334167 0.115000 0.298333
0 0.680000 0.365000 0.133333 0.173333
0 0.568333 0.337500 0.096667 0.171667
0 0.616667 0.512500 0.210000 0.178333
0 0.756667 0.725833 0.146667 0.178333
0 0.642500 0.719167 0.115000 0.181667
0 0.594167 0.675833 0.115000 0.178333
0 0.778333 0.598333 0.133333 0.206667
0 0.740000 0.515833 0.110000 0.128333
