0 0.412500 0.212500 0.421667 0.175000
0 0.861667 0.315000 0.196667 0.260000
0 0.711667 0.274167 0.220000 0.245000
0 0.412500 0.382500 0.218333 0.211667
0 0.270833 0.407500 0.178333 0.188333
0 0.336667 0.581667 0.246667 0.166667
0 0.318333 0.725833 0.226667 0.135000
0 0.255833 0.808333 0.145000 0.183333
0 0.715833 0.534167 0.188333 0.245000
0 0.905833 0.545833 0.188333 0.188333
0 0.897500 0.710000 0.205000 0.190000
0 0.745000 0.897500 0.220000 0.181667
0 0.614167 0.798333 0.178333 0.146667
0 0.781667 0.742500 0.260000 0.188333
0 0.582500 0.655833 0.148333 0.158333
0 0.472500 0.674167 0.161667 0.225000
0 0.508333 0.504167 0.236667 0.151667
0 0.542500 0.323333 0.155000 0.170000
0 0.691667 0.445833 0.293333 0.141667
0 0.428333 0.850833 0.170000 0.151667
0 0.290000 0.948333 0.206667 0.103333
0 0.605000 0.935000 0.206667 0.130000
0 0.436667 0.937500 0.163333 0.125000
0 0.905000 0.850000 0.103333 0.106667
