0 0.799167 0.248333 0.145000 0.253333
0 0.749167 0.435000 0.161667 0.150000
0 0.685833 0.489167 0.228333 0.171667
0 0.765833 0.635833 0.125000 0.248333
0 0.665000 0.695833 0.096667 0.138333
0 0.625833 0.768333 0.228333 0.120000
0 0.440833 0.215833 0.161667 0.168333
0 0.250000 0.668333 0.116667 0.183333
0 0.325833 0.630000 0.145000 0.180000
0 0.385833 0.426667 0.088333 0.153333
0 0.659167 0.352500 0.208333 0.185000
0 0.435833 0.529167 0.145000 0.138333
0 0.329167 0.214167 0.105000 0.135000
0 0.300000 0.420000 0.130000 0.233333
0 0.243333 0.302500 0.096667 0.245000
0 0.225000 0.500833 0.073333 0.145000
0 0.526667 0.687500 0.193333 0.178333
0 0.380000 0.728333 0.196667 0.163333
0 0.572500 0.545833 0.161667 0.148333
0 0.522500 0.375833 0.105000 0.221667
