0 0.345000 0.170000 0.290000 0.146667
0 0.255000 0.651667 0.440000 0.160000
0 0.171667 0.795000 0.340000 0.133333
0 0.316667 0.926667 0.540000 0.143333
0 0.558333 0.730000 0.373333 0.170000
0 0.914167 0.947500 0.171667 0.105000
0 0.326667 0.525833 0.263333 0.185000
0 0.575000 0.544167 0.380000 0.141667
0 0.802500 0.659167 0.268333 0.165000
0 0.950000 0.730833 0.100000 0.168333
0 0.931667 0.565833 0.136667 0.165000
0 0.793333 0.483333 0.276667 0.133333
0 0.550000 0.395000 0.383333 0.170000
0 0.849167 0.355833 0.228333 0.145000
0 0.979167 0.380833 0.041667 0.128333
0 0.880833 0.207500 0.238333 0.181667
0 0.981667 0.253333 0.036667 0.143333
0 0.704167 0.206667 0.215000 0.166667
0 0.577500 0.280833 0.268333 0.101667
0 0.480000 0.226667 0.240000 0.216667
0 0.974167 0.463333 0.051667 0.053333
