0 0.120833 0.145000 0.151667 0.290000
0 0.182500 0.735833 0.188333 0.391667
0 0.199167 0.444167 0.185000 0.278333
0 0.361667 0.750833 0.170000 0.281667
0 0.271667 0.931667 0.226667 0.136667
0 0.401667 0.240833 0.186667 0.255000
0 0.252500 0.224167 0.111667 0.195000
0 0.356667 0.105000 0.086667 0.106667
0 0.361667 0.335833 0.130000 0.218333
0 0.472500 0.754167 0.138333 0.435000
0 0.626667 0.912500 0.210000 0.175000
0 0.806667 0.805833 0.140000 0.311667
0 0.810833 0.079167 0.128333 0.158333
0 0.538333 0.120000 0.170000 0.240000
0 0.578333 0.368333 0.306667 0.370000
0 0.580000 0.558333 0.130000 0.223333
0 0.629167 0.459167 0.098333 0.205000
0 0.662500 0.635833 0.211667 0.421667
0 0.805833 0.505833 0.091667 0.281667
0 0.789167 0.298333 0.185000 0.296667
0 0.686667 0.108333 0.156667 0.216667
