0 0.780000 0.770000 0.233333 0.233333
0 0.695000 0.476667 0.266667 0.273333
0 0.705833 0.311667 0.258333 0.320000
0 0.490833 0.187500 0.261667 0.211667
0 0.489167 0.792500 0.188333 0.181667
0 0.160833 0.298333 0.168333 0.346667
0 0.358333 0.164167 0.230000 0.188333
0 0.500000 0.440833 0.273333 0.221667
0 0.380000 0.354167 0.263333 0.225000
0 0.586667 0.660833 0.170000 0.271667
0 0.340833 0.728333 0.145000 0.163333
0 0.417500 0.577500 0.205000 0.185000
0 0.255000 0.824167 0.213333 0.121667
0 0.134167 0.563333 0.121667 0.273333
0 0.263333 0.475000 0.173333 0.200000
0 0.245000 0.644167 0.143333 0.275000
0 0.154167 0.705000 0.108333 0.230000
0 0.221667 0.309167 0.200000 0.141667
