0 0.815000 0.801667 0.250000 0.266667
0 0.731667 0.474167 0.266667 0.285000
0 0.708333 0.376667 0.283333 0.306667
0 0.575833 0.140000 0.138333 0.140000
0 0.519167 0.821667 0.185000 0.206667
0 0.390000 0.325000 0.266667 0.216667
0 0.634167 0.245833 0.195000 0.208333
0 0.528333 0.445000 0.243333 0.223333
0 0.615833 0.672500 0.168333 0.258333
0 0.438333 0.590833 0.200000 0.191667
0 0.385833 0.754167 0.198333 0.205000
0 0.261667 0.823333 0.183333 0.140000
0 0.287500 0.460000 0.198333 0.160000
0 0.175000 0.292500 0.183333 0.365000
0 0.232500 0.322500 0.171667 0.138333
0 0.370833 0.160000 0.228333 0.213333
0 0.264167 0.668333 0.151667 0.276667
0 0.153333 0.555833 0.143333 0.275000
0 0.170833 0.728333 0.115000 0.266667
