0 0.633333 0.155000 0.286667 0.146667
0 0.724167 0.633333 0.438333 0.160000
0 0.805833 0.776667 0.338333 0.133333
0 0.661667 0.907500 0.536667 0.141667
0 0.420000 0.710000 0.373333 0.170000
0 0.076667 0.937500 0.153333 0.125000
0 0.650833 0.508333 0.261667 0.183333
0 0.404167 0.527500 0.378333 0.141667
0 0.177500 0.640833 0.265000 0.165000
0 0.040000 0.707500 0.080000 0.155000
0 0.058333 0.548333 0.116667 0.163333
0 0.186667 0.466667 0.276667 0.133333
0 0.429167 0.378333 0.381667 0.170000
0 0.130833 0.339167 0.228333 0.145000
0 0.109167 0.191667 0.218333 0.180000
0 0.275833 0.191667 0.215000 0.166667
0 0.401667 0.264167 0.266667 0.101667
0 0.497500 0.211667 0.238333 0.216667
