0 0.815000 0.752500 0.150000 0.261667
0 0.762500 0.560000 0.165000 0.156667
0 0.697500 0.503333 0.235000 0.176667
0 0.780833 0.352500 0.128333 0.255000
0 0.675833 0.290833 0.101667 0.141667
0 0.635833 0.215833 0.235000 0.125000
0 0.445000 0.786667 0.166667 0.173333
0 0.248333 0.318333 0.120000 0.190000
0 0.325833 0.359167 0.148333 0.185000
0 0.387500 0.568333 0.091667 0.156667
0 0.670833 0.645833 0.215000 0.191667
0 0.439167 0.461667 0.151667 0.143333
0 0.330833 0.787500 0.108333 0.138333
0 0.299167 0.575833 0.135000 0.241667
0 0.241667 0.697500 0.100000 0.251667
0 0.222500 0.491667 0.075000 0.150000
0 0.532500 0.299167 0.198333 0.185000
0 0.381667 0.257500 0.203333 0.168333
0 0.580000 0.445000 0.166667 0.153333
0 0.528333 0.620833 0.106667 0.228333
