0 0.855833 0.307500 0.161667 0.238333
0 0.855000 0.492500 0.183333 0.195000
0 0.753333 0.593333 0.150000 0.176667
0 0.720000 0.315000 0.176667 0.243333
0 0.564167 0.174167 0.185000 0.161667
0 0.575833 0.315833 0.185000 0.168333
0 0.574167 0.474167 0.128333 0.228333
0 0.667500 0.711667 0.195000 0.126667
0 0.683333 0.487500 0.166667 0.171667
0 0.612500 0.620000 0.155000 0.113333
0 0.510833 0.670000 0.138333 0.210000
0 0.403333 0.174167 0.140000 0.245000
0 0.265000 0.141667 0.163333 0.216667
0 0.230000 0.330000 0.116667 0.303333
0 0.336667 0.361667 0.136667 0.176667
0 0.450000 0.333333 0.100000 0.173333
0 0.400833 0.511667 0.215000 0.180000
0 0.258333 0.728333 0.146667 0.180000
0 0.374167 0.722500 0.118333 0.185000
0 0.422500 0.676667 0.118333 0.180000
0 0.235833 0.599167 0.135000 0.211667
0 0.275000 0.515000 0.110000 0.130000
