0 0.775000 0.341667 0.173333 0.360000
0 0.684167 0.827500 0.258333 0.191667
0 0.720833 0.675000 0.235000 0.213333
0 0.623333 0.375833 0.206667 0.218333
0 0.417500 0.318333 0.165000 0.240000
0 0.596667 0.249167 0.193333 0.168333
0 0.458333 0.878333 0.200000 0.193333
0 0.468333 0.685000 0.246667 0.200000
0 0.495833 0.483333 0.151667 0.233333
0 0.675000 0.514167 0.193333 0.151667
0 0.552500 0.669167 0.138333 0.291667
0 0.277500 0.298333 0.138333 0.223333
0 0.207500 0.232500 0.208333 0.141667
0 0.101667 0.723333 0.143333 0.216667
0 0.206667 0.591667 0.146667 0.183333
0 0.345833 0.557500 0.151667 0.148333
0 0.260000 0.753333 0.186667 0.256667
0 0.288333 0.873333 0.190000 0.203333
0 0.150833 0.403333 0.141667 0.166667
0 0.062500 0.587500 0.125000 0.195000
0 0.054167 0.268333 0.108333 0.206667
0 0.100833 0.364167 0.201667 0.218333
0 0.150000 0.874167 0.096667 0.111667
0 0.327500 0.455000 0.208333 0.150000
