0 0.349167 0.109167 0.235000 0.175000
0 0.286667 0.346667 0.180000 0.330000
0 0.260833 0.705000 0.141667 0.213333
0 0.352500 0.615000 0.148333 0.170000
0 0.360833 0.532500 0.121667 0.098333
0 0.417500 0.397500 0.141667 0.208333
0 0.436667 0.705000 0.176667 0.166667
0 0.559167 0.725000 0.098333 0.123333
0 0.497500 0.545000 0.158333 0.173333
0 0.504167 0.390833 0.201667 0.198333
0 0.479167 0.226667 0.138333 0.146667
0 0.550833 0.140000 0.155000 0.166667
0 0.627500 0.328333 0.178333 0.260000
0 0.750000 0.194167 0.180000 0.251667
0 0.865000 0.181667 0.116667 0.136667
0 0.714167 0.697500 0.211667 0.218333
0 0.600000 0.538333 0.170000 0.266667
0 0.690833 0.570833 0.098333 0.145000
0 0.774167 0.470833 0.145000 0.208333
0 0.877500 0.437500 0.138333 0.211667
0 0.833333 0.718333 0.093333 0.126667
0 0.873333 0.607500 0.110000 0.211667
0 0.683333 0.661667 0.130000 0.146667
