0 0.343333 0.865833 0.226667 0.168333
0 0.283333 0.637500 0.173333 0.318333
0 0.258333 0.292500 0.136667 0.205000
0 0.347500 0.379167 0.141667 0.165000
0 0.355833 0.457500 0.118333 0.095000
0 0.410000 0.588333 0.136667 0.200000
0 0.428333 0.291667 0.170000 0.160000
0 0.545833 0.272500 0.095000 0.118333
0 0.487500 0.445833 0.151667 0.168333
0 0.492500 0.595833 0.195000 0.191667
0 0.468333 0.753333 0.133333 0.143333
0 0.538333 0.835833 0.150000 0.161667
0 0.612500 0.655000 0.171667 0.250000
0 0.730000 0.785000 0.173333 0.243333
0 0.841667 0.796667 0.113333 0.133333
0 0.695000 0.298333 0.203333 0.210000
0 0.585000 0.453333 0.163333 0.256667
0 0.673333 0.421667 0.096667 0.140000
0 0.753333 0.517500 0.140000 0.201667
0 0.853333 0.550000 0.133333 0.203333
0 0.810000 0.279167 0.090000 0.121667
0 0.849167 0.385833 0.105000 0.205000
0 0.665833 0.333333 0.125000 0.140000
