0 0.312500 0.207500 0.358333 0.171667
0 0.795833 0.298333 0.191667 0.256667
0 0.644167 0.261667 0.211667 0.233333
0 0.347500 0.358333 0.218333 0.206667
0 0.289167 0.562500 0.238333 0.165000
0 0.220000 0.384167 0.166667 0.191667
0 0.845833 0.522500 0.191667 0.198333
0 0.654167 0.512500 0.198333 0.245000
0 0.453333 0.485000 0.233333 0.150000
0 0.484167 0.307500 0.151667 0.191667
0 0.638333 0.428333 0.290000 0.136667
0 0.270000 0.702500 0.223333 0.138333
0 0.205000 0.771667 0.140000 0.206667
0 0.692500 0.877500 0.215000 0.141667
0 0.561667 0.773333 0.183333 0.146667
0 0.527500 0.634167 0.148333 0.151667
0 0.722500 0.719167 0.255000 0.185000
0 0.840833 0.690833 0.201667 0.188333
0 0.375000 0.828333 0.166667 0.140000
0 0.557500 0.922500 0.195000 0.138333
0 0.240833 0.930833 0.205000 0.118333
0 0.335833 0.884167 0.218333 0.215000
0 0.841667 0.830000 0.110000 0.096667
0 0.425000 0.652500 0.150000 0.205000
