0 0.200000 0.858333 0.140000 0.253333
0 0.217500 0.496667 0.141667 0.293333
0 0.295833 0.717500 0.138333 0.161667
0 0.307500 0.462500 0.191667 0.511667
0 0.377500 0.900833 0.145000 0.198333
0 0.410833 0.144167 0.165000 0.288333
0 0.570833 0.505000 0.158333 0.360000
0 0.410833 0.410000 0.098333 0.223333
0 0.475833 0.278333 0.145000 0.190000
0 0.458333 0.535833 0.133333 0.285000
0 0.522500 0.723333 0.201667 0.200000
0 0.462500 0.833333 0.148333 0.270000
0 0.596667 0.878333 0.203333 0.243333
0 0.766667 0.931667 0.123333 0.136667
0 0.700833 0.700833 0.158333 0.368333
0 0.641667 0.243333 0.226667 0.220000
0 0.603333 0.088333 0.243333 0.176667
0 0.831667 0.140000 0.200000 0.206667
0 0.813333 0.337500 0.283333 0.261667
0 0.891667 0.463333 0.183333 0.230000
0 0.716667 0.435833 0.153333 0.178333
0 0.785000 0.639167 0.116667 0.295000
0 0.889167 0.931667 0.111667 0.136667
0 0.851667 0.753333 0.130000 0.336667
0 0.940000 0.745833 0.120000 0.475000
