0 0.766667 0.254167 0.170000 0.175000
0 0.193333 0.543333 0.183333 0.203333
0 0.253333 0.230000 0.306667 0.166667
0 0.461667 0.304167 0.283333 0.148333
0 0.655000 0.357500 0.223333 0.148333
0 0.493333 0.459167 0.196667 0.161667
0 0.322500 0.517500 0.178333 0.141667
0 0.295833 0.394167 0.285000 0.211667
0 0.350833 0.626667 0.211667 0.210000
0 0.822500 0.865000 0.178333 0.150000
0 0.835833 0.728333 0.191667 0.143333
0 0.695833 0.624167 0.118333 0.208333
0 0.806667 0.579167 0.163333 0.201667
0 0.802500 0.415000 0.131667 0.136667
0 0.741667 0.485833 0.210000 0.105000
0 0.539167 0.885000 0.225000 0.156667
0 0.286667 0.889167 0.293333 0.175000
0 0.328333 0.779167 0.163333 0.128333
0 0.447500 0.779167 0.115000 0.145000
0 0.612500 0.801667 0.275000 0.236667
0 0.529167 0.209167 0.331667 0.161667
0 0.559167 0.573333 0.201667 0.223333
