0 0.791667 0.253333 0.156667 0.273333
0 0.738333 0.455000 0.173333 0.163333
0 0.670000 0.514167 0.246667 0.185000
0 0.755833 0.672500 0.135000 0.268333
0 0.647500 0.735833 0.105000 0.148333
0 0.605833 0.815000 0.245000 0.130000
0 0.405000 0.218333 0.173333 0.183333
0 0.200833 0.707500 0.125000 0.198333
0 0.280833 0.665000 0.155000 0.193333
0 0.345833 0.445833 0.095000 0.165000
0 0.640833 0.365000 0.225000 0.200000
0 0.400000 0.556667 0.156667 0.150000
0 0.285000 0.217500 0.113333 0.145000
0 0.253333 0.439167 0.140000 0.251667
0 0.192500 0.311667 0.105000 0.263333
0 0.172500 0.526667 0.078333 0.156667
0 0.497500 0.728333 0.208333 0.193333
0 0.340000 0.770833 0.213333 0.175000
0 0.547500 0.575000 0.175000 0.160000
0 0.493333 0.390833 0.113333 0.238333
